[0m [0m [0m [0m [0m [0m [0m [0m[38;2;104;32;40m▄[38;2;104;32;40m[48;2;200;72;128m▀[38;2;104;32;40m[48;2;200;72;128m▀[38;2;104;32;40m[48;2;232;192;112m▀[38;2;104;32;40m[48;2;240;120;160m▀[38;2;104;32;40m[48;2;200;72;128m▀[0m[38;2;104;32;40m▄[38;2;104;32;40m[48;2;200;72;128m▀[38;2;104;32;40m[48;2;240;120;160m▀[38;2;104;32;40m[48;2;232;192;112m▀[38;2;104;32;40m[48;2;200;72;128m▀[38;2;104;32;40m[48;2;200;72;128m▀[0m[38;2;104;32;40m▄[0m [0m [0m [0m [0m [0m [0m [0m [0m
[0m [0m [0m [0m [0m[38;2;104;32;40m▄[38;2;104;32;40m[48;2;200;72;128m▀[38;2;104;32;40m[48;2;240;120;160m▀[38;2;104;32;40m[48;2;240;120;160m▀[38;2;104;32;40m[48;2;240;120;160m▀[38;2;240;120;160m[48;2;104;32;40m▀[38;2;240;120;160m[48;2;104;32;40m▀[38;2;200;72;128m[48;2;200;72;128m▀[38;2;200;72;128m[48;2;248;224;8m▀[38;2;200;72;128m[48;2;192;128;40m▀[38;2;200;72;128m[48;2;248;224;8m▀[38;2;200;72;128m[48;2;200;72;128m▀[38;2;240;120;160m[48;2;104;32;40m▀[38;2;240;120;160m[48;2;104;32;40m▀[38;2;104;32;40m[48;2;240;120;160m▀[38;2;104;32;40m[48;2;232;192;112m▀[38;2;104;32;40m[48;2;232;192;112m▀[38;2;104;32;40m[48;2;200;72;128m▀[0m[38;2;104;32;40m▄[0m [0m [0m [0m [0m [0m
[0m [0m [0m [0m [38;2;104;32;40m[48;2;104;32;40m▀[38;2;200;72;128m[48;2;200;72;128m▀[38;2;240;120;160m[48;2;200;72;128m▀[38;2;232;192;112m[48;2;200;72;128m▀[38;2;232;192;112m[48;2;104;32;40m▀[38;2;240;120;160m[48;2;104;32;40m▀[38;2;200;72;128m[48;2;104;32;40m▀[38;2;248;224;8m[48;2;240;120;160m▀[38;2;192;128;40m[48;2;248;224;8m▀[38;2;192;128;40m[48;2;192;128;40m▀[38;2;192;128;40m[48;2;248;224;8m▀[38;2;248;224;8m[48;2;240;120;160m▀[38;2;200;72;128m[48;2;104;32;40m▀[38;2;240;120;160m[48;2;104;32;40m▀[38;2;240;120;160m[48;2;104;32;40m▀[38;2;240;120;160m[48;2;200;72;128m▀[38;2;240;120;160m[48;2;200;72;128m▀[38;2;200;72;128m[48;2;200;72;128m▀[38;2;104;32;40m[48;2;104;32;40m▀[0m [0m [0m [0m [0m [0m
[0m [0m [0m[38;2;64;96;48m▄[0m[38;2;64;96;48m▄[38;2;0;0;0m[48;2;64;96;48m▀[38;2;0;0;0m[48;2;0;0;0m▀[38;2;104;32;40m[48;2;200;72;128m▀[38;2;104;32;40m[48;2;200;72;128m▀[38;2;200;72;128m[48;2;240;120;160m▀[38;2;240;120;160m[48;2;232;192;112m▀[38;2;240;120;160m[48;2;232;192;112m▀[38;2;240;120;160m[48;2;240;120;160m▀[38;2;200;72;128m[48;2;200;72;128m▀[38;2;200;72;128m[48;2;0;0;0m▀[38;2;200;72;128m[48;2;200;72;128m▀[38;2;240;120;160m[48;2;232;192;112m▀[38;2;232;192;112m[48;2;232;192;112m▀[38;2;240;120;160m[48;2;240;120;160m▀[38;2;200;72;128m[48;2;240;120;160m▀[38;2;104;32;40m[48;2;200;72;128m▀[38;2;104;32;40m[48;2;200;72;128m▀[38;2;0;0;0m[48;2;0;0;0m▀[38;2;0;0;0m[48;2;64;96;48m▀[0m[38;2;64;96;48m▄[0m[38;2;64;96;48m▄[0m [0m [0m [0m
[0m[38;2;64;96;48m▄[38;2;64;96;48m[48;2;96;168;16m▀[38;2;96;168;16m[48;2;96;168;16m▀[38;2;96;168;16m[48;2;96;168;16m▀[38;2;96;168;16m[48;2;64;96;48m▀[38;2;0;0;0m[48;2;64;96;48m▀[38;2;200;72;128m[48;2;0;0;0m▀[38;2;232;192;112m[48;2;200;72;128m▀[38;2;200;72;128m[48;2;200;72;128m▀[38;2;240;120;160m[48;2;200;72;128m▀[38;2;232;192;112m[48;2;200;72;128m▀[38;2;200;72;128m[48;2;0;0;0m▀[38;2;0;0;0m[48;2;144;64;32m▀[38;2;144;64;32m[48;2;192;128;40m▀[38;2;0;0;0m[48;2;144;64;32m▀[38;2;200;72;128m[48;2;0;0;0m▀[38;2;240;120;160m[48;2;200;72;128m▀[38;2;240;120;160m[48;2;200;72;128m▀[38;2;200;72;128m[48;2;200;72;128m▀[38;2;232;192;112m[48;2;200;72;128m▀[38;2;200;72;128m[48;2;0;0;0m▀[38;2;0;0;0m[48;2;64;96;48m▀[38;2;96;168;16m[48;2;64;96;48m▀[38;2;96;168;16m[48;2;96;168;16m▀[38;2;96;168;16m[48;2;96;168;16m▀[38;2;64;96;48m[48;2;96;168;16m▀[0m[38;2;64;96;48m▄[0m [0m
[0m[38;2;64;96;48m▀[38;2;136;224;32m[48;2;64;96;48m▀[38;2;96;168;16m[48;2;136;224;32m▀[38;2;96;168;16m[48;2;136;224;32m▀[38;2;96;168;16m[48;2;96;168;16m▀[38;2;96;168;16m[48;2;96;168;16m▀[38;2;96;168;16m[48;2;0;0;0m▀[38;2;0;0;0m[48;2;64;96;48m▀[38;2;200;72;128m[48;2;0;0;0m▀[38;2;200;72;128m[48;2;0;0;0m▀[38;2;0;0;0m[48;2;96;168;16m▀[38;2;64;96;48m[48;2;96;168;16m▀[38;2;192;128;40m[48;2;64;96;48m▀[38;2;192;128;40m[48;2;64;96;48m▀[38;2;192;128;40m[48;2;64;96;48m▀[38;2;64;96;48m[48;2;96;168;16m▀[38;2;0;0;0m[48;2;96;168;16m▀[38;2;200;72;128m[48;2;0;0;0m▀[38;2;200;72;128m[48;2;0;0;0m▀[38;2;0;0;0m[48;2;64;96;48m▀[38;2;96;168;16m[48;2;0;0;0m▀[38;2;96;168;16m[48;2;96;168;16m▀[38;2;96;168;16m[48;2;96;168;16m▀[38;2;96;168;16m[48;2;136;224;32m▀[38;2;96;168;16m[48;2;136;224;32m▀[38;2;136;224;32m[48;2;64;96;48m▀[0m[38;2;64;96;48m▀[0m [0m
[0m [0m [0m[38;2;64;96;48m▀[0m[38;2;64;96;48m▀[38;2;64;96;48m[48;2;0;0;0m▀[38;2;0;0;0m[48;2;64;152;96m▀[38;2;64;152;96m[48;2;104;216;192m▀[38;2;64;96;48m[48;2;64;96;48m▀[38;2;96;168;16m[48;2;136;224;32m▀[38;2;96;168;16m[48;2;136;224;32m▀[38;2;96;168;16m[48;2;96;168;16m▀[38;2;96;168;16m[48;2;96;168;16m▀[38;2;96;168;16m[48;2;96;168;16m▀[38;2;64;96;48m[48;2;64;96;48m▀[38;2;96;168;16m[48;2;96;168;16m▀[38;2;96;168;16m[48;2;96;168;16m▀[38;2;96;168;16m[48;2;96;168;16m▀[38;2;96;168;16m[48;2;136;224;32m▀[38;2;96;168;16m[48;2;136;224;32m▀[38;2;64;96;48m[48;2;64;96;48m▀[38;2;64;152;96m[48;2;104;216;192m▀[38;2;0;0;0m[48;2;64;152;96m▀[38;2;64;96;48m[48;2;64;96;48m▀[0m[38;2;64;96;48m▀[0m[38;2;64;96;48m▀[0m [0m [0m [0m
[0m [0m [0m [0m[38;2;0;0;0m▄[38;2;0;0;0m[48;2;64;152;96m▀[38;2;104;216;192m[48;2;104;216;192m▀[38;2;104;216;192m[48;2;104;216;192m▀[38;2;104;216;192m[48;2;104;216;192m▀[38;2;0;0;0m[48;2;0;0;0m▀[38;2;96;168;16m[48;2;136;224;32m▀[38;2;96;168;16m[48;2;96;168;16m▀[38;2;96;168;16m[48;2;96;168;16m▀[38;2;96;168;16m[48;2;96;168;16m▀[38;2;64;96;48m[48;2;96;168;16m▀[38;2;96;168;16m[48;2;64;96;48m▀[38;2;96;168;16m[48;2;96;168;16m▀[38;2;96;168;16m[48;2;96;168;16m▀[38;2;96;168;16m[48;2;136;224;32m▀[38;2;0;0;0m[48;2;0;0;0m▀[38;2;104;216;192m[48;2;104;216;192m▀[38;2;104;216;192m[48;2;104;216;192m▀[38;2;104;216;192m[48;2;104;216;192m▀[38;2;0;0;0m[48;2;0;0;0m▀[0m [0m [0m [0m [0m [0m
[0m [0m [0m [38;2;0;0;0m[48;2;0;0;0m▀[38;2;64;152;96m[48;2;64;152;96m▀[38;2;104;216;192m[48;2;64;152;96m▀[38;2;104;216;192m[48;2;104;216;192m▀[38;2;104;216;192m[48;2;104;216;192m▀[38;2;104;216;192m[48;2;64;152;96m▀[38;2;0;0;0m[48;2;64;152;96m▀[38;2;64;96;48m[48;2;64;96;48m▀[38;2;136;224;32m[48;2;64;96;48m▀[38;2;96;168;16m[48;2;64;96;48m▀[38;2;96;168;16m[48;2;96;168;16m▀[38;2;96;168;16m[48;2;64;96;48m▀[38;2;136;224;32m[48;2;64;96;48m▀[38;2;64;96;48m[48;2;64;96;48m▀[38;2;0;0;0m[48;2;64;152;96m▀[38;2;104;216;192m[48;2;104;216;192m▀[38;2;104;216;192m[48;2;104;216;192m▀[38;2;104;216;192m[48;2;104;216;192m▀[38;2;104;216;192m[48;2;104;216;192m▀[38;2;64;152;96m[48;2;64;152;96m▀[38;2;0;0;0m[48;2;0;0;0m▀[0m [0m [0m [0m [0m
[0m [0m [0m [0m[38;2;0;0;0m▀[38;2;64;152;96m[48;2;0;0;0m▀[38;2;64;152;96m[48;2;64;152;96m▀[38;2;64;152;96m[48;2;64;152;96m▀[38;2;64;152;96m[48;2;64;152;96m▀[38;2;64;152;96m[48;2;0;0;0m▀[38;2;64;152;96m[48;2;64;96;48m▀[38;2;64;152;96m[48;2;64;152;96m▀[38;2;64;152;96m[48;2;64;152;96m▀[38;2;64;96;48m[48;2;64;152;96m▀[38;2;64;96;48m[48;2;64;152;96m▀[38;2;64;96;48m[48;2;64;152;96m▀[38;2;64;152;96m[48;2;64;152;96m▀[38;2;64;152;96m[48;2;64;152;96m▀[38;2;64;152;96m[48;2;64;96;48m▀[38;2;64;152;96m[48;2;0;0;0m▀[38;2;104;216;192m[48;2;64;152;96m▀[38;2;104;216;192m[48;2;64;152;96m▀[38;2;64;152;96m[48;2;64;152;96m▀[38;2;64;152;96m[48;2;64;152;96m▀[38;2;0;0;0m[48;2;0;0;0m▀[0m [0m [0m [0m [0m
