[0m [0m [0m [0m [0m [0m [0m [0m [0m [0m [0m[38;2;96;48;0m▄[0m[38;2;96;48;0m▄[38;2;96;48;0m[48;2;200;88;40m▀[38;2;96;48;0m[48;2;200;88;40m▀[38;2;96;48;0m[48;2;200;88;40m▀[38;2;96;48;0m[48;2;200;88;40m▀[0m[38;2;96;48;0m▄[0m[38;2;96;48;0m▄[0m [0m [0m [0m [0m [0m [0m [0m [0m [0m [0m
[0m [0m [0m [0m [0m [0m [0m [0m [0m[38;2;0;0;0m▄[38;2;96;48;0m[48;2;248;120;56m▀[38;2;96;48;0m[48;2;200;88;40m▀[38;2;200;88;40m[48;2;96;48;0m▀[38;2;200;88;40m[48;2;248;120;56m▀[38;2;248;120;56m[48;2;248;120;56m▀[38;2;248;120;56m[48;2;248;120;56m▀[38;2;200;88;40m[48;2;248;120;56m▀[38;2;200;88;40m[48;2;96;48;0m▀[38;2;96;48;0m[48;2;200;88;40m▀[38;2;96;48;0m[48;2;248;120;56m▀[0m[38;2;0;0;0m▄[0m [0m [0m [0m [0m [0m [0m [0m [0m
[0m [0m [0m [0m [0m [0m [0m [38;2;0;0;0m[48;2;0;0;0m▀[38;2;248;120;56m[48;2;0;0;0m▀[38;2;200;88;40m[48;2;144;64;32m▀[38;2;0;0;0m[48;2;200;88;40m▀[38;2;248;120;56m[48;2;248;120;56m▀[38;2;248;120;56m[48;2;248;120;56m▀[38;2;248;120;56m[48;2;248;120;56m▀[38;2;248;120;56m[48;2;248;120;56m▀[38;2;248;120;56m[48;2;248;120;56m▀[38;2;248;120;56m[48;2;248;120;56m▀[38;2;0;0;0m[48;2;200;88;40m▀[38;2;200;88;40m[48;2;144;64;32m▀[38;2;248;120;56m[48;2;0;0;0m▀[38;2;0;0;0m[48;2;0;0;0m▀[0m [0m [0m [0m [0m [0m [0m [0m
[0m [0m [0m [0m [0m [0m [0m [0m [38;2;96;48;0m[48;2;96;48;0m▀[38;2;200;88;40m[48;2;200;88;40m▀[38;2;200;88;40m[48;2;200;88;40m▀[38;2;200;88;40m[48;2;200;88;40m▀[38;2;248;120;56m[48;2;200;88;40m▀[38;2;248;120;56m[48;2;200;88;40m▀[38;2;248;120;56m[48;2;200;88;40m▀[38;2;248;120;56m[48;2;192;16;32m▀[38;2;200;88;40m[48;2;200;88;40m▀[38;2;200;88;40m[48;2;200;88;40m▀[38;2;200;88;40m[48;2;200;88;40m▀[38;2;96;48;0m[48;2;96;48;0m▀[0m [0m [0m [0m [0m [0m [0m [0m [0m
[0m [0m [0m [0m [0m[38;2;96;48;0m▄[0m[38;2;0;0;0m▄[38;2;0;0;0m[48;2;248;120;56m▀[38;2;0;0;0m[48;2;0;0;0m▀[0m [38;2;96;48;0m[48;2;96;48;0m▀[38;2;200;88;40m[48;2;200;88;40m▀[38;2;200;88;40m[48;2;200;88;40m▀[38;2;200;88;40m[48;2;248;184;16m▀[38;2;248;184;16m[48;2;192;16;32m▀[38;2;192;16;32m[48;2;192;16;32m▀[38;2;192;16;32m[48;2;200;88;40m▀[38;2;200;88;40m[48;2;200;88;40m▀[38;2;200;88;40m[48;2;200;88;40m▀[38;2;96;48;0m[48;2;96;48;0m▀[0m [38;2;0;0;0m[48;2;0;0;0m▀[38;2;0;0;0m[48;2;248;120;56m▀[0m[38;2;0;0;0m▄[0m[38;2;96;48;0m▄[0m [0m [0m [0m [0m
[0m [0m [0m[38;2;96;48;0m▄[38;2;96;48;0m[48;2;248;120;56m▀[38;2;248;120;56m[48;2;248;120;56m▀[38;2;200;88;40m[48;2;248;120;56m▀[38;2;248;120;56m[48;2;200;88;40m▀[38;2;96;48;0m[48;2;248;120;56m▀[38;2;0;0;0m[48;2;0;0;0m▀[0m [38;2;96;48;0m[48;2;96;48;0m▀[38;2;192;16;32m[48;2;192;16;32m▀[38;2;248;184;16m[48;2;248;184;16m▀[38;2;192;16;32m[48;2;248;184;16m▀[38;2;192;16;32m[48;2;192;16;32m▀[38;2;200;88;40m[48;2;192;16;32m▀[38;2;200;88;40m[48;2;144;64;32m▀[38;2;96;48;0m[48;2;96;48;0m▀[0m [38;2;0;0;0m[48;2;0;0;0m▀[38;2;96;48;0m[48;2;248;120;56m▀[38;2;248;120;56m[48;2;200;88;40m▀[38;2;200;88;40m[48;2;248;120;56m▀[38;2;248;120;56m[48;2;248;120;56m▀[38;2;96;48;0m[48;2;248;120;56m▀[0m[38;2;96;48;0m▄[0m [0m [0m
[0m [38;2;96;48;0m[48;2;96;48;0m▀[38;2;248;120;56m[48;2;248;120;56m▀[38;2;248;120;56m[48;2;248;120;56m▀[38;2;248;120;56m[48;2;248;120;56m▀[38;2;200;88;40m[48;2;200;88;40m▀[38;2;200;88;40m[48;2;200;88;40m▀[38;2;200;88;40m[48;2;200;88;40m▀[38;2;200;88;40m[48;2;200;88;40m▀[38;2;96;48;0m[48;2;200;88;40m▀[38;2;144;64;32m[48;2;96;48;0m▀[38;2;192;16;32m[48;2;96;48;0m▀[38;2;248;184;16m[48;2;192;16;32m▀[38;2;248;184;16m[48;2;248;184;16m▀[38;2;248;184;16m[48;2;248;184;16m▀[38;2;192;16;32m[48;2;0;0;0m▀[38;2;144;64;32m[48;2;144;64;32m▀[38;2;144;64;32m[48;2;96;48;0m▀[38;2;96;48;0m[48;2;200;88;40m▀[38;2;200;88;40m[48;2;200;88;40m▀[38;2;200;88;40m[48;2;200;88;40m▀[38;2;200;88;40m[48;2;200;88;40m▀[38;2;200;88;40m[48;2;200;88;40m▀[38;2;248;120;56m[48;2;248;120;56m▀[38;2;248;120;56m[48;2;248;120;56m▀[38;2;248;120;56m[48;2;248;120;56m▀[38;2;96;48;0m[48;2;96;48;0m▀[0m [0m
[38;2;0;0;0m[48;2;0;0;0m▀[38;2;248;120;56m[48;2;248;120;56m▀[38;2;248;120;56m[48;2;200;88;40m▀[38;2;248;120;56m[48;2;248;120;56m▀[38;2;200;88;40m[48;2;200;88;40m▀[38;2;200;88;40m[48;2;200;88;40m▀[38;2;200;88;40m[48;2;200;88;40m▀[38;2;200;88;40m[48;2;200;88;40m▀[38;2;200;88;40m[48;2;200;88;40m▀[38;2;200;88;40m[48;2;200;88;40m▀[38;2;200;88;40m[48;2;200;88;40m▀[38;2;200;88;40m[48;2;200;88;40m▀[38;2;96;48;0m[48;2;0;0;0m▀[38;2;192;16;32m[48;2;248;120;56m▀[38;2;192;16;32m[48;2;0;0;0m▀[38;2;0;0;0m[48;2;200;88;40m▀[38;2;96;48;0m[48;2;200;88;40m▀[38;2;200;88;40m[48;2;200;88;40m▀[38;2;200;88;40m[48;2;200;88;40m▀[38;2;200;88;40m[48;2;200;88;40m▀[38;2;200;88;40m[48;2;200;88;40m▀[38;2;200;88;40m[48;2;200;88;40m▀[38;2;200;88;40m[48;2;200;88;40m▀[38;2;200;88;40m[48;2;200;88;40m▀[38;2;248;120;56m[48;2;248;120;56m▀[38;2;248;120;56m[48;2;200;88;40m▀[38;2;248;120;56m[48;2;248;120;56m▀[38;2;0;0;0m[48;2;0;0;0m▀[0m
[0m[38;2;0;0;0m▀[0m[38;2;0;0;0m▀[0m[38;2;0;0;0m▀[0m[38;2;96;48;0m▀[38;2;200;88;40m[48;2;0;0;0m▀[38;2;200;88;40m[48;2;0;0;0m▀[38;2;200;88;40m[48;2;96;48;0m▀[0m[38;2;96;48;0m▀[38;2;96;48;0m[48;2;96;48;0m▀[38;2;200;88;40m[48;2;96;48;0m▀[38;2;200;88;40m[48;2;96;48;0m▀[38;2;0;0;0m[48;2;0;0;0m▀[38;2;248;120;56m[48;2;248;120;56m▀[38;2;248;120;56m[48;2;248;120;56m▀[38;2;0;0;0m[48;2;96;48;0m▀[38;2;200;88;40m[48;2;200;88;40m▀[38;2;200;88;40m[48;2;200;88;40m▀[38;2;200;88;40m[48;2;96;48;0m▀[38;2;200;88;40m[48;2;96;48;0m▀[38;2;96;48;0m[48;2;96;48;0m▀[0m[38;2;96;48;0m▀[38;2;200;88;40m[48;2;96;48;0m▀[38;2;200;88;40m[48;2;0;0;0m▀[38;2;200;88;40m[48;2;0;0;0m▀[0m[38;2;96;48;0m▀[0m[38;2;0;0;0m▀[0m[38;2;0;0;0m▀[0m[38;2;0;0;0m▀[0m
[0m [0m [0m [0m [0m [0m [0m [0m[38;2;96;48;0m▄[38;2;96;48;0m[48;2;200;88;40m▀[38;2;200;88;40m[48;2;200;88;40m▀[38;2;0;0;0m[48;2;0;0;0m▀[38;2;248;120;56m[48;2;200;88;40m▀[38;2;248;120;56m[48;2;248;120;56m▀[38;2;248;120;56m[48;2;248;120;56m▀[38;2;200;88;40m[48;2;200;88;40m▀[38;2;96;48;0m[48;2;96;48;0m▀[38;2;200;88;40m[48;2;144;64;32m▀[38;2;200;88;40m[48;2;200;88;40m▀[38;2;200;88;40m[48;2;200;88;40m▀[38;2;200;88;40m[48;2;144;64;32m▀[38;2;96;48;0m[48;2;96;48;0m▀[0m [0m [0m [0m [0m [0m [0m [0m
