[0m [0m [0m [0m [0m [0m [0m [0m [0m [0m [0m[38;2;48;56;88m▄[0m[38;2;48;56;88m▄[38;2;48;56;88m[48;2;96;96;168m▀[38;2;48;56;88m[48;2;96;96;168m▀[38;2;48;56;88m[48;2;96;96;168m▀[38;2;48;56;88m[48;2;96;96;168m▀[0m[38;2;48;56;88m▄[0m[38;2;48;56;88m▄[0m [0m [0m [0m [0m [0m [0m [0m [0m [0m [0m
[0m [0m [0m [0m [0m [0m [0m [0m[38;2;0;0;0m▄[38;2;0;0;0m[48;2;144;136;232m▀[38;2;0;0;0m[48;2;144;136;232m▀[38;2;48;56;88m[48;2;144;136;232m▀[38;2;96;96;168m[48;2;144;136;232m▀[38;2;144;136;232m[48;2;144;136;232m▀[38;2;144;136;232m[48;2;144;136;232m▀[38;2;144;136;232m[48;2;144;136;232m▀[38;2;144;136;232m[48;2;144;136;232m▀[38;2;96;96;168m[48;2;144;136;232m▀[38;2;48;56;88m[48;2;144;136;232m▀[38;2;0;0;0m[48;2;144;136;232m▀[38;2;0;0;0m[48;2;144;136;232m▀[0m[38;2;0;0;0m▄[0m [0m [0m [0m [0m [0m [0m [0m
[0m [0m [0m [0m[38;2;80;80;80m▄[0m[38;2;0;0;0m▄[0m [0m [38;2;0;0;0m[48;2;0;0;0m▀[38;2;96;96;168m[48;2;48;56;88m▀[38;2;144;136;232m[48;2;144;136;232m▀[38;2;144;136;232m[48;2;144;136;232m▀[38;2;144;136;232m[48;2;144;136;232m▀[38;2;144;136;232m[48;2;144;136;232m▀[38;2;144;136;232m[48;2;144;136;232m▀[38;2;144;136;232m[48;2;144;136;232m▀[38;2;144;136;232m[48;2;144;136;232m▀[38;2;144;136;232m[48;2;144;136;232m▀[38;2;144;136;232m[48;2;144;136;232m▀[38;2;144;136;232m[48;2;144;136;232m▀[38;2;96;96;168m[48;2;48;56;88m▀[38;2;0;0;0m[48;2;0;0;0m▀[0m [0m [0m[38;2;0;0;0m▄[0m[38;2;80;80;80m▄[0m [0m [0m [0m
[0m [0m[38;2;0;0;0m▄[38;2;80;80;80m[48;2;136;136;136m▀[38;2;232;232;248m[48;2;232;232;248m▀[38;2;184;184;184m[48;2;184;184;184m▀[38;2;0;0;0m[48;2;184;184;184m▀[0m[38;2;80;80;80m▄[38;2;0;0;0m[48;2;0;0;0m▀[38;2;0;0;0m[48;2;96;96;168m▀[38;2;144;136;232m[48;2;96;96;168m▀[38;2;144;136;232m[48;2;144;136;232m▀[38;2;144;136;232m[48;2;144;136;232m▀[38;2;144;136;232m[48;2;144;136;232m▀[38;2;144;136;232m[48;2;144;136;232m▀[38;2;144;136;232m[48;2;144;136;232m▀[38;2;144;136;232m[48;2;144;136;232m▀[38;2;144;136;232m[48;2;144;136;232m▀[38;2;144;136;232m[48;2;144;136;232m▀[38;2;144;136;232m[48;2;96;96;168m▀[38;2;0;0;0m[48;2;96;96;168m▀[38;2;0;0;0m[48;2;0;0;0m▀[0m[38;2;80;80;80m▄[38;2;0;0;0m[48;2;184;184;184m▀[38;2;184;184;184m[48;2;184;184;184m▀[38;2;232;232;248m[48;2;232;232;248m▀[38;2;80;80;80m[48;2;136;136;136m▀[0m[38;2;0;0;0m▄[0m [0m
[0m [0m[38;2;0;0;0m▀[38;2;232;232;248m[48;2;0;0;0m▀[38;2;184;184;184m[48;2;184;184;184m▀[38;2;184;184;184m[48;2;184;184;184m▀[38;2;184;184;184m[48;2;80;80;80m▀[38;2;80;80;80m[48;2;136;136;136m▀[38;2;0;0;0m[48;2;80;80;80m▀[38;2;96;96;168m[48;2;0;0;0m▀[38;2;96;96;168m[48;2;96;96;168m▀[38;2;144;136;232m[48;2;96;96;168m▀[38;2;144;136;232m[48;2;96;96;168m▀[38;2;144;136;232m[48;2;144;136;232m▀[38;2;144;136;232m[48;2;144;136;232m▀[38;2;144;136;232m[48;2;144;136;232m▀[38;2;144;136;232m[48;2;144;136;232m▀[38;2;144;136;232m[48;2;96;96;168m▀[38;2;144;136;232m[48;2;96;96;168m▀[38;2;96;96;168m[48;2;96;96;168m▀[38;2;96;96;168m[48;2;0;0;0m▀[38;2;0;0;0m[48;2;80;80;80m▀[38;2;80;80;80m[48;2;136;136;136m▀[38;2;184;184;184m[48;2;80;80;80m▀[38;2;184;184;184m[48;2;184;184;184m▀[38;2;184;184;184m[48;2;184;184;184m▀[38;2;232;232;248m[48;2;0;0;0m▀[0m[38;2;0;0;0m▀[0m [0m
[0m [0m [0m [0m[38;2;0;0;0m▀[0m[38;2;0;0;0m▀[38;2;80;80;80m[48;2;0;0;0m▀[38;2;136;136;136m[48;2;0;0;0m▀[38;2;0;0;0m[48;2;176;112;24m▀[38;2;0;0;0m[48;2;176;112;24m▀[38;2;184;184;184m[48;2;128;80;8m▀[38;2;184;184;184m[48;2;128;80;8m▀[38;2;232;232;248m[48;2;184;184;184m▀[38;2;232;232;248m[48;2;184;184;184m▀[38;2;232;232;248m[48;2;184;184;184m▀[38;2;232;232;248m[48;2;184;184;184m▀[38;2;232;232;248m[48;2;184;184;184m▀[38;2;232;232;248m[48;2;184;184;184m▀[38;2;184;184;184m[48;2;128;80;8m▀[38;2;184;184;184m[48;2;128;80;8m▀[38;2;0;0;0m[48;2;176;112;24m▀[38;2;0;0;0m[48;2;176;112;24m▀[38;2;136;136;136m[48;2;0;0;0m▀[38;2;80;80;80m[48;2;0;0;0m▀[38;2;0;0;0m[48;2;48;56;88m▀[0m[38;2;0;0;0m▀[0m [0m [0m [0m
[0m [0m [0m [0m [38;2;48;56;88m[48;2;48;56;88m▀[38;2;0;0;0m[48;2;0;0;0m▀[38;2;176;112;24m[48;2;176;112;24m▀[38;2;176;112;24m[48;2;176;112;24m▀[38;2;176;112;24m[48;2;176;112;24m▀[38;2;176;112;24m[48;2;176;112;24m▀[38;2;176;112;24m[48;2;176;112;24m▀[38;2;128;80;8m[48;2;128;80;8m▀[38;2;128;80;8m[48;2;176;112;24m▀[38;2;128;80;8m[48;2;176;112;24m▀[38;2;128;80;8m[48;2;176;112;24m▀[38;2;128;80;8m[48;2;176;112;24m▀[38;2;128;80;8m[48;2;128;80;8m▀[38;2;176;112;24m[48;2;176;112;24m▀[38;2;176;112;24m[48;2;176;112;24m▀[38;2;176;112;24m[48;2;176;112;24m▀[38;2;176;112;24m[48;2;176;112;24m▀[38;2;176;112;24m[48;2;176;112;24m▀[38;2;0;0;0m[48;2;0;0;0m▀[38;2;48;56;88m[48;2;96;96;168m▀[0m[38;2;48;56;88m▄[0m [0m [0m [0m
[0m [0m [0m [38;2;48;56;88m[48;2;48;56;88m▀[38;2;96;96;168m[48;2;136;136;136m▀[38;2;96;96;168m[48;2;96;96;168m▀[38;2;0;0;0m[48;2;0;0;0m▀[38;2;128;80;8m[48;2;232;232;248m▀[38;2;176;112;24m[48;2;128;80;8m▀[38;2;176;112;24m[48;2;176;112;24m▀[38;2;128;80;8m[48;2;128;80;8m▀[38;2;176;112;24m[48;2;176;112;24m▀[38;2;176;112;24m[48;2;176;112;24m▀[38;2;176;112;24m[48;2;176;112;24m▀[38;2;176;112;24m[48;2;176;112;24m▀[38;2;176;112;24m[48;2;176;112;24m▀[38;2;176;112;24m[48;2;176;112;24m▀[38;2;128;80;8m[48;2;128;80;8m▀[38;2;176;112;24m[48;2;176;112;24m▀[38;2;176;112;24m[48;2;128;80;8m▀[38;2;128;80;8m[48;2;232;232;248m▀[38;2;0;0;0m[48;2;0;0;0m▀[38;2;96;96;168m[48;2;136;136;136m▀[38;2;136;136;136m[48;2;48;56;88m▀[38;2;48;56;88m[48;2;48;56;88m▀[0m [0m [0m [0m
[0m [0m [0m [0m[38;2;48;56;88m▀[38;2;48;56;88m[48;2;48;56;88m▀[38;2;136;136;136m[48;2;0;0;0m▀[38;2;0;0;0m[48;2;0;0;0m▀[38;2;232;232;248m[48;2;232;232;248m▀[38;2;128;80;8m[48;2;128;80;8m▀[38;2;128;80;8m[48;2;128;80;8m▀[38;2;128;80;8m[48;2;128;80;8m▀[38;2;176;112;24m[48;2;128;80;8m▀[38;2;176;112;24m[48;2;0;0;0m▀[38;2;0;0;0m[48;2;144;136;232m▀[38;2;0;0;0m[48;2;144;136;232m▀[38;2;176;112;24m[48;2;0;0;0m▀[38;2;176;112;24m[48;2;128;80;8m▀[38;2;128;80;8m[48;2;128;80;8m▀[38;2;128;80;8m[48;2;128;80;8m▀[38;2;128;80;8m[48;2;128;80;8m▀[38;2;232;232;248m[48;2;232;232;248m▀[38;2;0;0;0m[48;2;0;0;0m▀[0m[38;2;48;56;88m▀[0m[38;2;48;56;88m▀[0m [0m [0m [0m [0m
[0m [0m [0m [0m [0m [38;2;0;0;0m[48;2;0;0;0m▀[38;2;48;56;88m[48;2;48;56;88m▀[38;2;184;184;184m[48;2;48;56;88m▀[38;2;128;80;8m[48;2;184;184;184m▀[38;2;128;80;8m[48;2;128;80;8m▀[38;2;128;80;8m[48;2;128;80;8m▀[38;2;128;80;8m[48;2;0;0;0m▀[38;2;0;0;0m[48;2;96;96;168m▀[38;2;144;136;232m[48;2;144;136;232m▀[38;2;144;136;232m[48;2;144;136;232m▀[38;2;0;0;0m[48;2;96;96;168m▀[38;2;128;80;8m[48;2;0;0;0m▀[38;2;128;80;8m[48;2;128;80;8m▀[38;2;128;80;8m[48;2;128;80;8m▀[38;2;128;80;8m[48;2;184;184;184m▀[38;2;184;184;184m[48;2;48;56;88m▀[38;2;48;56;88m[48;2;48;56;88m▀[38;2;0;0;0m[48;2;0;0;0m▀[0m [0m [0m [0m [0m [0m
