[0m [0m [0m [0m [0m [0m [0m [0m[38;2;64;56;32m▄[0m[38;2;64;56;32m▄[0m[38;2;0;0;0m▄[0m[38;2;64;56;32m▄[38;2;64;56;32m[48;2;152;96;48m▀[38;2;64;56;32m[48;2;216;136;64m▀[38;2;64;56;32m[48;2;0;0;0m▀[38;2;64;56;32m[48;2;216;136;64m▀[38;2;64;56;32m[48;2;152;96;48m▀[0m[38;2;64;56;32m▄[0m[38;2;0;0;0m▄[0m[38;2;64;56;32m▄[0m[38;2;64;56;32m▄[0m [0m [0m [0m [0m [0m [0m [0m [0m
[0m [0m [0m [0m [0m [0m [0m [0m[38;2;0;0;0m▀[38;2;232;200;152m[48;2;0;0;0m▀[38;2;232;200;152m[48;2;0;0;0m▀[38;2;0;0;0m[48;2;232;200;152m▀[38;2;216;136;64m[48;2;152;96;48m▀[38;2;0;0;0m[48;2;152;96;48m▀[38;2;240;176;80m[48;2;240;176;80m▀[38;2;0;0;0m[48;2;152;96;48m▀[38;2;216;136;64m[48;2;152;96;48m▀[38;2;0;0;0m[48;2;232;200;152m▀[38;2;232;200;152m[48;2;0;0;0m▀[38;2;232;200;152m[48;2;0;0;0m▀[0m[38;2;0;0;0m▀[0m [0m [0m [0m [0m [0m [0m [0m [0m
[0m [0m [0m [0m[38;2;64;56;32m▄[0m[38;2;64;56;32m▄[38;2;64;56;32m[48;2;240;176;80m▀[38;2;64;56;32m[48;2;240;176;80m▀[0m[38;2;64;56;32m▄[38;2;64;56;32m[48;2;0;0;0m▀[38;2;216;136;64m[48;2;216;136;64m▀[38;2;152;96;48m[48;2;216;136;64m▀[38;2;232;200;152m[48;2;152;96;48m▀[38;2;216;136;64m[48;2;240;176;80m▀[38;2;240;176;80m[48;2;240;176;80m▀[38;2;216;136;64m[48;2;240;176;80m▀[38;2;232;200;152m[48;2;152;96;48m▀[38;2;152;96;48m[48;2;216;136;64m▀[38;2;216;136;64m[48;2;216;136;64m▀[38;2;64;56;32m[48;2;0;0;0m▀[0m[38;2;64;56;32m▄[38;2;64;56;32m[48;2;240;176;80m▀[38;2;64;56;32m[48;2;240;176;80m▀[0m[38;2;64;56;32m▄[0m[38;2;64;56;32m▄[0m [0m [0m [0m [0m
[0m [0m[38;2;0;0;0m▄[38;2;0;0;0m[48;2;240;176;80m▀[38;2;240;176;80m[48;2;56;128;112m▀[38;2;216;136;64m[48;2;56;128;112m▀[38;2;56;128;112m[48;2;56;128;112m▀[38;2;40;96;80m[48;2;40;96;80m▀[38;2;64;56;32m[48;2;0;0;0m▀[38;2;0;0;0m[48;2;216;136;64m▀[38;2;216;136;64m[48;2;240;176;80m▀[38;2;216;136;64m[48;2;232;232;248m▀[38;2;240;176;80m[48;2;240;176;80m▀[38;2;240;176;80m[48;2;240;176;80m▀[38;2;240;176;80m[48;2;240;176;80m▀[38;2;240;176;80m[48;2;240;176;80m▀[38;2;240;176;80m[48;2;240;176;80m▀[38;2;216;136;64m[48;2;232;232;248m▀[38;2;216;136;64m[48;2;240;176;80m▀[38;2;0;0;0m[48;2;216;136;64m▀[38;2;64;56;32m[48;2;0;0;0m▀[38;2;40;96;80m[48;2;40;96;80m▀[38;2;56;128;112m[48;2;56;128;112m▀[38;2;216;136;64m[48;2;56;128;112m▀[38;2;240;176;80m[48;2;56;128;112m▀[38;2;0;0;0m[48;2;240;176;80m▀[0m[38;2;0;0;0m▄[0m [0m [0m
[38;2;0;0;0m[48;2;0;0;0m▀[38;2;240;176;80m[48;2;0;0;0m▀[38;2;56;128;112m[48;2;0;0;0m▀[38;2;56;128;112m[48;2;56;128;112m▀[38;2;56;128;112m[48;2;56;128;112m▀[38;2;40;96;80m[48;2;40;96;80m▀[38;2;40;96;80m[48;2;40;96;80m▀[38;2;0;0;0m[48;2;64;56;32m▀[38;2;216;136;64m[48;2;216;136;64m▀[38;2;232;232;248m[48;2;232;232;248m▀[38;2;96;96;96m[48;2;0;0;0m▀[38;2;240;176;80m[48;2;216;136;64m▀[38;2;240;176;80m[48;2;240;176;80m▀[38;2;240;176;80m[48;2;240;176;80m▀[38;2;240;176;80m[48;2;240;176;80m▀[38;2;240;176;80m[48;2;216;136;64m▀[38;2;96;96;96m[48;2;0;0;0m▀[38;2;232;232;248m[48;2;232;232;248m▀[38;2;216;136;64m[48;2;216;136;64m▀[38;2;0;0;0m[48;2;64;56;32m▀[38;2;40;96;80m[48;2;40;96;80m▀[38;2;56;128;112m[48;2;40;96;80m▀[38;2;56;128;112m[48;2;56;128;112m▀[38;2;56;128;112m[48;2;56;128;112m▀[38;2;56;128;112m[48;2;0;0;0m▀[38;2;240;176;80m[48;2;0;0;0m▀[38;2;0;0;0m[48;2;0;0;0m▀[0m [0m
[0m [0m [0m [0m[38;2;0;0;0m▀[0m[38;2;0;0;0m▀[38;2;40;96;80m[48;2;64;56;32m▀[38;2;40;96;80m[48;2;40;96;80m▀[38;2;40;96;80m[48;2;40;96;80m▀[38;2;0;0;0m[48;2;64;56;32m▀[38;2;216;136;64m[48;2;0;0;0m▀[38;2;240;176;80m[48;2;240;176;80m▀[38;2;240;176;80m[48;2;240;176;80m▀[38;2;240;176;80m[48;2;240;176;80m▀[38;2;240;176;80m[48;2;240;176;80m▀[38;2;240;176;80m[48;2;240;176;80m▀[38;2;240;176;80m[48;2;240;176;80m▀[38;2;240;176;80m[48;2;240;176;80m▀[38;2;216;136;64m[48;2;0;0;0m▀[38;2;0;0;0m[48;2;64;56;32m▀[38;2;40;96;80m[48;2;40;96;80m▀[38;2;40;96;80m[48;2;40;96;80m▀[38;2;40;96;80m[48;2;64;56;32m▀[0m[38;2;0;0;0m▀[0m[38;2;0;0;0m▀[0m [0m [0m [0m [0m
[0m [0m [0m [0m [0m [0m [0m[38;2;64;56;32m▄[38;2;0;0;0m[48;2;216;136;64m▀[38;2;216;136;64m[48;2;216;136;64m▀[38;2;152;96;48m[48;2;216;136;64m▀[38;2;0;0;0m[48;2;152;96;48m▀[38;2;216;136;64m[48;2;0;0;0m▀[38;2;152;96;48m[48;2;0;0;0m▀[38;2;240;176;80m[48;2;0;0;0m▀[38;2;152;96;48m[48;2;0;0;0m▀[38;2;216;136;64m[48;2;0;0;0m▀[38;2;0;0;0m[48;2;152;96;48m▀[38;2;152;96;48m[48;2;216;136;64m▀[38;2;216;136;64m[48;2;216;136;64m▀[38;2;0;0;0m[48;2;216;136;64m▀[0m[38;2;64;56;32m▄[0m [0m [0m [0m [0m [0m [0m [0m
[0m [0m [0m [0m [0m [38;2;64;56;32m[48;2;64;56;32m▀[38;2;240;176;80m[48;2;240;176;80m▀[38;2;240;176;80m[48;2;240;176;80m▀[38;2;216;136;64m[48;2;64;56;32m▀[38;2;64;56;32m[48;2;152;96;48m▀[38;2;216;136;64m[48;2;216;136;64m▀[38;2;216;136;64m[48;2;208;168;120m▀[38;2;232;200;152m[48;2;208;168;120m▀[38;2;232;200;152m[48;2;208;168;120m▀[38;2;232;200;152m[48;2;208;168;120m▀[38;2;216;136;64m[48;2;208;168;120m▀[38;2;216;136;64m[48;2;216;136;64m▀[38;2;64;56;32m[48;2;152;96;48m▀[38;2;216;136;64m[48;2;64;56;32m▀[38;2;240;176;80m[48;2;240;176;80m▀[38;2;240;176;80m[48;2;240;176;80m▀[38;2;64;56;32m[48;2;64;56;32m▀[0m [0m [0m [0m [0m [0m [0m
[0m [0m [0m [0m [0m [0m[38;2;64;56;32m▄[38;2;0;0;0m[48;2;216;136;64m▀[38;2;0;0;0m[48;2;216;136;64m▀[38;2;64;56;32m[48;2;152;96;48m▀[38;2;216;136;64m[48;2;216;136;64m▀[38;2;216;136;64m[48;2;232;200;152m▀[38;2;232;200;152m[48;2;208;168;120m▀[38;2;232;200;152m[48;2;208;168;120m▀[38;2;232;200;152m[48;2;208;168;120m▀[38;2;232;200;152m[48;2;208;168;120m▀[38;2;232;200;152m[48;2;208;168;120m▀[38;2;216;136;64m[48;2;232;200;152m▀[38;2;216;136;64m[48;2;216;136;64m▀[38;2;64;56;32m[48;2;152;96;48m▀[38;2;0;0;0m[48;2;216;136;64m▀[38;2;0;0;0m[48;2;216;136;64m▀[0m[38;2;64;56;32m▄[0m [0m [0m [0m [0m [0m [0m
[0m [0m [0m [0m [0m [38;2;64;56;32m[48;2;64;56;32m▀[38;2;216;136;64m[48;2;152;96;48m▀[38;2;216;136;64m[48;2;216;136;64m▀[38;2;216;136;64m[48;2;216;136;64m▀[38;2;216;136;64m[48;2;152;96;48m▀[38;2;208;168;120m[48;2;208;168;120m▀[38;2;232;200;152m[48;2;208;168;120m▀[38;2;232;200;152m[48;2;208;168;120m▀[38;2;232;200;152m[48;2;208;168;120m▀[38;2;232;200;152m[48;2;208;168;120m▀[38;2;232;200;152m[48;2;208;168;120m▀[38;2;208;168;120m[48;2;208;168;120m▀[38;2;216;136;64m[48;2;152;96;48m▀[38;2;216;136;64m[48;2;216;136;64m▀[38;2;216;136;64m[48;2;216;136;64m▀[38;2;216;136;64m[48;2;152;96;48m▀[38;2;64;56;32m[48;2;64;56;32m▀[0m [0m [0m [0m [0m [0m [0m
